mae
0.2618226916143571
